269
269
277
277
277
277
293
293
293
293
293
292
292
291
323
322
319
318
317
317
317
322
316
317
308
317
298
286
283
280
284
282
338
342
339
337
378
370
325
365
326
328
364
334
349
346
340
315
320
329
338
318
336
331
336
324
326
326
318
311
310
306
363
363
361
361
341
332
324
317
332
314
330
439
342
363
483
483
439
477
459
478
491
476
391
459
448
422
455
455
448
455
458
438
449
453
459
443
463
453
461
436
459
422
388
413
417
437
411
397
417
438
406
408
418
399
396
445
417
395
380
383
395
432
367
358
473
473
470
469
468
462
455
452
468
465
469
467
465
459
760
758
754
754
751
748
747
738
736
735
738
747
744
742
731
743
733
733
731
747
726
728
726
721
743
727
724
708
731
730
705
715
741
739
738
702
698
699
726
736
737
723
699
705
695
693
694
688
706
687
687
689
687
704
685
654
637
743
688
666
667
741
638
696
707
704
707
705
710
701
632
689
716
687
638
722
682
688
672
687
681
707
640
689
711
628
707
651
650
659
653
652
669
621
681
611
657
645
593
649
648
646
661
618
490
678
501
622
682
496
675
632
636
598
667
688
679
680
669
664
661
658
655
648
649
651
643
646
643
678
634
673
675
674
674
671
657
655
651
649
645
642
697
697
699
699
702
702
703
703
704
704
559
577
588
1246
575
525
1240
535
1234
678
533
713
1220
527
1221
528
523
527
573
1208
522
1199
568
781
1139
1224
1194
550
678
1159
713
723
946
1228
603
733
647
727
724
591
838
630
728
1025
1096
1232
1150
686
638
1340
751
663
991
1110
1200
796
751
1024
1367
1117
978
1075
1087
1067
783
1119
824
1429
1066
962
1079
1046
1153
1388
1090
977
841
1080
1127
1049
1426
925
1105
1106
933
1137
1088
1425
1099
1092
864
1091
935
1088
845
956
1080
937
995
1103
1044
1156
1028
1157
996
1024
1149
1104
1086
1077
1065
1084
1113
1148
1099
1143
1144
1014
1003
938
1105
1110
1494
1098
1001
1137
1107
1122
995
1092
1056
1137
1032
985
1004
1105
1053
1135
1069
1067
1099
1068
1075
1023
996
1107
983
1019
1094
1048
986
1057
1067
1038
1046
1094
994
1036
999
1425
1104
1021
995
1001
999
1089
978
1082
1052
1047
1040
987
1039
973
1393
1009
1024
959
1064
958
1059
980
1066
1080
1036
960
1094
987
1011
1016
940
945
1023
973
1084
984
1502
957
1012
945
938
950
982
989
1049
968
980
1011
1033
976
934
944
886
979
881
951
998
974
1009
924
878
924
912
959
1061
1082
991
826
952
824
1557
1577
1497
1114
1710
1356
1736
1434
1755
1494
1024
1340
1396
1708
1341
1310
1626
1333
1150
1032
1734
1420
1606
1352
1375
1370
1321
1689
1523
1412
1320
1581
1327
1394
1339
1336
1366
1329
1343
1309
1321
1051
1339
1383
1355
1670
1355
1347
1442
1320
1701
1351
1613
1473
1442
1368
1550
1545
1571
1346
1363
1712
1363
1404
1508
1419
1472
1440
1322
1078
1426
1087
1109
1098
1102
1065
1001
1105
1036
1070
948
1077
1028
1036
1031
885
1741
2693
2472
2272
2908
2722
2457
2406
2746
2831
2791
2748
2834
2842
2921
3101
2711
2979
2733
2807
2801
2794
2803
2715
2716
2847
2708
2717
2991
2796
2714
2863
2716
2873
2880
2854
2756
2712
2903
2717
2723
2727
2788
2712
2746
2769
2730
2712
2720
2800
2863
2722
2948
2823
3267
2711
2711
2716
2755
2913
2789
2711
2734
2769
2799
2716
2720
2866
2853
2746
2870
2747
2835
2723
2726
2887
2832
2912
2760
2713
2882
2723
2732
2719
2783
2798
2720
2746
2710
2771
2772
2736
3023
2718
2915
2819
2819
2838
2727
2721
2811
2763
2713
2738
2711
2954
2712
2958
2759
2735
2738
2980
2771
2729
2724
2860
2805
2728
2822
2745
2711
2712
2724
2737
2725
2724
2884
2737
2757
2725
2735
2797
2736
2828
2795
2734
2726
2713
2733
2718
2742
2751
2744
2752
2766
2725
2748
2813
2736
2843
2723
2774
2731
2727
2763
2801
2787
2784
2785
2766
2758
2763
2753
2757
2786
2807
2734
2850
2874
2821
2862
2880
2819
2778
2783
2820
2900
2898
2824
2913
2809
2871
2904
2838
2961
2887
2792
2785
2853
2889
2857
2929
2928
2767
2903
2852
2890
2929
2902
2863
2921
2990
2786
2915
2908
2922
2793
2899
2785
2769
2891
2939
2871
2940
2917
2861
2920
2935
2869
2886
2908
2941
2935
2946
2922
2808
2937
2783
2933
2932
2844
2933
2827
2943
2880
2862
2958
2918
2910
2906
2929
2922
2907
2947
2917
2954
2923
2922
2895
2870
2903
2926
2884
3002
2912
2918
2953
2895
2784
2880
3009
2836
2916
2946
2759
2950
2951
2930
2952
2923
2911
2913
2927
2934
2932
2911
2927
2896
2928
2952
2915
2949
2897
2909
2923
2955
2895
2924
2943
2905
3010
2918
2893
2908
2889
2953
2930
2896
2998
2951
2924
2962
2928
2927
2911
2924
2942
2922
2898
2899
2924
2903
2944
2891
2944
2920
2911
2944
2898
2908
2909
2904
2905
2936
2920
2865
2887
2897
2841
2922
2862
2884
2917
2922
2899
2879
2819
2911
2892
2913
2902
2899
2910
2866
2908
2913
2927
2913
2929
2925
2870
2908
2873
2918
2925
2869
3021
2926
2885
2904
2931
2928
2888
3032
2791
2865
2934
2890
2971
2897
2880
3057
2891
2903
2895
2905
2889
2914
2827
2984
2881
2890
2906
2865
2891
2903
2898
2854
2878
2932
2893
2900
2906
2987
2844
2928
2923
2888
2911
2888
2909
2853
2908
2898
2922
2869
2878
2877
2918
2887
2895
2905
2857
2880
2911
3113
2951
2933
2911
3062
2903
2945
2929
2879
2907
3016
2928
3128
2919
3054
2900
2921
2910
2965
2901
2944
2897
2952
2946
3020
2973
2960
3004
2949
3187
2960
3082
3155
2991
3189
3035
3279
3217
3056
3224
3054
3242
3049
3241
3218
3152
3247
3258
3325
3221
3324
3326
3306
3257
3284
3306
3286
3326
3460
3324
3404
3214
3260
3240
3380
3357
3327
3364
3384
6146
6094
6140
6163
6133
6086
6221
6066
6066
6060
6124
6132
6094
6155
6137
6079
6093
6146
6149
6094
6086
6206
6190
6081
6127
6148
6079
6045
6152
6083
6048
6127
6106
6084
6067
6161
6069
6170
6113
6085
6106
6074
6060
6116
6067
6082
6058
6076
6065
6080
6065
6051
6066
6084
6058
6055
6051
6098
6066
6053
6048
6067
6070
6065
6062
6072
6047
6077
6061
6063
6070
6055
6043
6062
6059
6047
6064
6039
6046
6054
6055
6050
6062
6051
6049
6046
6046
6044
6047
6041
6043
6034
6053
6044
6049
6059
6051
6047
6049
6040
6047
6045
6049
6042
6047
6037
6038
6041
6041
6041
6036
6037
6039
6043
6038
6034
6042
6038
6026
6038
6039
6036
6032
6029
6029
6014
4731
5659
5064
5942
5113
5963
5125
4792
5472
5751
4809
5323
4790
4663
4702
4755
4685
4697
4740
4746
4670
5374
4668
4667
4676
5510
4688
4684
4700
4666
4659
5251
4685
4655
4658
4683
4697
4681
4673
4679
4665
4658
4670
4693
4665
4680
4696
4683
4662
4694
4682
4680
4674
4670
4666
4718
5416
4703
4723
4712
4741
4730
4718
4763
4768
4720
4769
4758
5500
4751
4818
4796
4861
4874
5464
5889
4837
4897
4868
4874
4896
4856
5680
5995
5970
6015
6042
6062
6119
6054
6020
6109
6036
6057
6100
6110
6119
6109
6121
6119
6119
6123
6119
6121
6113
6091
6089
6124
6122
6096
6064
6108
6119
6114
6112
6113
6107
6115
6100
6108
6113
6100
6124
6095
6100
6111
6115
6100
6100
6120
6079
6100
6108
6100
6119
6113
6110
6102
6116
6112
6102
6117
6118
6100
6089
6102
6119
6117
6119
6079
6111
6112
6121
6098
6117
6102
6098
6100
6100
6105
6100
6138
6100
6100
6100
6128
6105
6100
6102
6100
6118
6100
6102
6119
6105
6100
6107
6117
6100
6100
6100
6105
6105
6107
6100
6100
6107
6102
6107
6107
6160
6100
6100
6100
6223
6102
6107
6100
6204
6102
6100
6100
6102
6102
6100
6100
6107
6100
6107
6107
6100
6107
6107
6107
6107
6199
6107
6102
6100
6102
6100
6105
6107
6107
6107
6102
6105
6107
6107
6107
6107
6107
6107
6102
6105
6107
6209
6102
6243
6107
6107
6107
6105
6107
6107
6107
6107
6107
6107
6107
6252
6216
6107
6107
6102
6107
6107
6102
6263
6107
6107
6105
6107
6107
6169
6107
6107
6107
6107
6107
6107
6175
6277
6107
6107
6107
6179
6107
6107
6107
6107
6107
6107
6107
6107
6107
6107
6107
6107
6107
6107
6107
6107
6107
6107
6107
6107
6107
6107
6107
6107
6107
6107
6107
6107
6239
6107
6107
6107
6107
6107
6107
6107
6107
6107
6107
6107
6107
6107
6107
6107
6107
6107
6107
6107
6107
6107
6107
6107
6107
6107
6107
6107
6107
6107
6107
6107
6107
6107
6107
6321
6107
6107
6107
6107
6107
6107
6107
6107
6107
6107
6107
6107
6107
6107
6107
6107
6107
6107
6107
6107
6107
6107
6107
6107
6107
6107
6107
6107
6107
6107
6107
6107
6107
6107
6107
6107
6107
6107
6107
6107
6107
6107
6107
6107
6107
6107
6107
6107
6107
6107
6107
6107
6107
6107
6107
6107
6107
6107
6107
6107
6107
6107
6107
6107
6107
6107
6107
6107
6107
6107
6107
6107
6107
6107
6107
6107
6107
6107
6107
6107
6107
6107
6107
6107
6107
6107
6107
6107
6107
6107
6107
6107
6107
6107
6107
6107
6107
6107
6107
6107
6107
6107
6107
6107
6107
6107
6107
6107
6107
6107
6107
6107
6107
6107
6107
6107
6107
6107
6107
6107
6107
6107
6107
6107
6107
6107
6107
6107
6107
6107
6107
6107
6107
6107
6107
6107
6107
6107
6107
6107
6107
6107
6107
6107
6107
6107
6107
6107
6107
6107
6107
6107
6107
6107
6107
6107
6107
6107
6107
6107
6107
6107
6107
6107
6107
6107
6107
6107
6107
6107
6107
6107
6107
6107
6107
6107
6107
6107
6107
6107
6107
6107
6107
6107
6107
6107
6107
6107
6107
6107
6107
6107
6107
6107
6107
6107
6107
6107
6107
6107
6107
6107
6107
6107
6107
6107
6107
6107
6107
6107
6107
6107
6107
6107
6107
6107
6107
6107
6107
6107
6107
6107
6107
6107
6107
6107
6107
6107
6107
6107
6107
6107
6107
6107
6107
6107
6107
6107
6107
6107
6107
6107
6107
6107
6107
6107
6107
6107
6107
6107
6107
6107
6107
6107
6107
6107
6107
6107
6107
6107
6107
6107
6107
6107
6107
6107
6107
6107
6107
6107
6107
6107
6107
6107
6107
6107
6107
6107
6107
6107
6107
6107
6107
6107
6107
6107
6107
6107
6107
6107
6107
6107
6107
6107
6107
6107
6107
6107
6107
6106
6107
6107
6107
6107
6107
6107
6107
6107
6107
6107
6107
6107
6107
6107
6107
6107
6107
6107
6107
6107
6106
6107
6107
6107
6107
6107
6107
6107
6107
6107
6107
6106
6107
6107
6107
6107
6107
6106
6107
6107
6107
6107
6107
6107
6107
6107
6107
6107
6106
6107
6107
6107
6110
6110
6107
6107
6107
6107
6107
6106
6107
6110
6106
6110
6110
6107
6107
6106
6107
6106
6109
6111
6110
6107
6107
6106
6106
6107
6106
6107
6107
6111
6106
6107
6107
6107
6107
6106
6107
6106
6106
6106
6107
6107
6116
6107
6107
6107
6110
6107
6107
6106
6107
6106
6107
6107
6107
6116
6106
6107
6106
6110
6110
6107
6114
6106
6107
6106
6107
6122
6106
6107
6116
6106
6110
6106
6106
6107
6122
6106
6107
6110
6106
6106
6110
6110
6107
6106
6110
6110
6122
6110
6106
6106
6116
6106
6122
6116
6106
6106
6106
6110
6122
6106
6122
6110
6106
6110
6116
6118
6106
6106
6110
6120
6114
6106
6110
6106
6122
6122
6122
6106
6122
6116
6118
6110
6110
6121
6116
6124
6122
6122
6120
6122
6106
6120
6120
6122
6122
6121
6116
6122
6106
6131
6122
6116
6116
6127
6122
6116
6122
6122
6127
6122
6120
6127
6121
6128
6116
6118
6122
6122
6131
6118
6131
6120
6120
6122
6122
6110
6122
6116
6154
6122
6129
6116
6122
6122
6140
6133
6127
6122
6176
6135
6135
6152
6150
6122
6127
6127
6122
6154
6122
6131
6154
6150
6154
6170
6131
6148
6152
6193
6152
6152
6150
6199
6191
6193
6198
6193
6195
6176
6210
6212
